  0.050   6.37650933339D+04  -2.88865353564D+06  -2.26507434131D+00
  0.055   5.21067061211D+04  -1.94906258904D+06  -2.05728687107D+00
  0.060   4.35157796269D+04  -1.49185928308D+06  -2.05699076869D+00
  0.065   3.71238961461D+04  -1.07221325005D+06  -1.87733154352D+00
  0.070   3.26012827893D+04  -7.64638274985D+05  -1.64179672300D+00
  0.075   2.92533099785D+04  -5.92727607619D+05  -1.51964241325D+00
  0.080   2.65636182357D+04  -4.88024137535D+05  -1.46975199901D+00
  0.085   2.43306768135D+04  -4.08840600817D+05  -1.42829775496D+00
  0.090   2.24436802733D+04  -3.48649240536D+05  -1.39809653614D+00
  0.095   2.08203413591D+04  -3.02798241258D+05  -1.38162157975D+00
  0.100   1.94004680946D+04  -2.66199310252D+05  -1.37212828553D+00
  0.110   1.70391291080D+04  -2.09256937987D+05  -1.35090608403D+00
  0.120   1.51654632433D+04  -1.67395884989D+05  -1.32455605717D+00
  0.130   1.36582172879D+04  -1.35468876436D+05  -1.28940355579D+00
  0.140   1.24316125712D+04  -1.10908415477D+05  -1.24900756663D+00
  0.150   1.14216091563D+04  -9.18965804613D+04  -1.20687784712D+00
  0.160   1.05795914102D+04  -7.71234758915D+04  -1.16637360217D+00
  0.170   9.86859570001D+03  -6.55234046094D+04  -1.12872987426D+00
  0.180   9.26110701331D+03  -5.63332832749D+04  -1.09490053132D+00
  0.190   8.73585845713D+03  -4.89710713256D+04  -1.06509321294D+00
  0.200   8.27705576410D+03  -4.29999908298D+04  -1.03901657921D+00
  0.210   7.87235206776D+03  -3.80854509927D+04  -1.01595363617D+00
  0.220   7.51268134086D+03  -3.39714748350D+04  -9.94814517562D-01
  0.230   7.19065168760D+03  -3.05394866372D+04  -9.76835234373D-01
  0.240   6.90015690502D+03  -2.76303165846D+04  -9.61032636155D-01
  0.250   6.63672171044D+03  -2.51185608476D+04  -9.46196101912D-01
  0.260   6.39662708610D+03  -2.29546480213D+04  -9.33024296275D-01
  0.270   6.17670026504D+03  -2.10700610125D+04  -9.21028417969D-01
  0.280   5.97448353777D+03  -1.94083067538D+04  -9.09589231724D-01
  0.290   5.78787193316D+03  -1.79453225787D+04  -8.99146285185D-01
  0.300   5.61503028796D+03  -1.66465936034D+04  -8.89394682647D-01
  0.320   5.30497595891D+03  -1.44400319400D+04  -8.71033206669D-01
  0.340   5.03468208252D+03  -1.26465785134D+04  -8.54043338599D-01
  0.360   4.79701645865D+03  -1.11680095041D+04  -8.38121665021D-01
  0.380   4.58634529128D+03  -9.93234994549D+03  -8.22941305021D-01
  0.400   4.39849069450D+03  -8.88164774431D+03  -8.07699582532D-01
  0.420   4.23001788395D+03  -7.99032245319D+03  -7.93361995720D-01
  0.440   4.07803401863D+03  -7.22573151464D+03  -7.79621222362D-01
  0.460   3.94032598408D+03  -6.56061118023D+03  -7.65896312919D-01
  0.480   3.81502503641D+03  -5.98323218678D+03  -7.52800157861D-01
  0.500   3.70051845926D+03  -5.47769243781D+03  -7.40124998445D-01
  0.550   3.45350101569D+03  -4.45619625442D+03  -7.09687916348D-01
  0.600   3.25052617257D+03  -3.69832540608D+03  -6.82657245580D-01
  0.650   3.08072512277D+03  -3.11781026982D+03  -6.57824568769D-01
  0.700   2.93656535035D+03  -2.66834125596D+03  -6.36062425429D-01
  0.750   2.81242460463D+03  -2.30737666366D+03  -6.15316938595D-01
  0.800   2.70459844206D+03  -2.01999372691D+03  -5.97499043258D-01
  0.850   2.60909645474D+03  -1.81243822627D+03  -5.90462069554D-01
  0.900   2.52300660493D+03  -1.62621195438D+03  -5.80097870565D-01
  0.950   2.44693929168D+03  -1.41213434072D+03  -5.48247203452D-01
  1.000   2.38076650498D+03  -1.25715412265D+03  -5.28045954956D-01
  1.050   2.32008458987D+03  -1.17067942877D+03  -5.29814044530D-01
  1.100   2.26364531088D+03  -1.08740323529D+03  -5.28414744602D-01
  1.150   2.21130001803D+03  -1.00677632563D+03  -5.23580140656D-01
  1.200   2.16293254821D+03  -9.28257189637D+02  -5.14999244190D-01
  1.300   2.07747996072D+03  -7.84405314053D+02  -4.90848011797D-01
  1.400   2.00517667395D+03  -6.66789037265D+02  -4.65547332710D-01
  1.500   1.94325369028D+03  -5.75342519354D+02  -4.44107623902D-01
  1.600   1.88942111477D+03  -5.04531346442D+02  -4.27247344700D-01
  1.700   1.84185409431D+03  -4.48555462246D+02  -4.14009061942D-01
  1.800   1.79937927722D+03  -4.02509416424D+02  -4.02648268065D-01
  1.900   1.76110110115D+03  -3.63985544679D+02  -3.92693261301D-01
  2.000   1.72640452444D+03  -3.30794374809D+02  -3.83217687542D-01
  2.100   1.69479792273D+03  -3.01934277931D+02  -3.74122469205D-01
  2.200   1.66590319585D+03  -2.76509833645D+02  -3.65160253930D-01
  2.300   1.63939796999D+03  -2.54029113056D+02  -3.56391169639D-01
  2.400   1.61501361993D+03  -2.34061842330D+02  -3.47828906616D-01
  2.500   1.59251243330D+03  -2.16292797318D+02  -3.39546481389D-01
  2.600   1.57169099648D+03  -2.00446218544D+02  -3.31592004652D-01
  2.700   1.55236705318D+03  -1.86285786266D+02  -3.24003026145D-01
  2.800   1.53438465376D+03  -1.73601273523D+02  -3.16793813515D-01
  2.900   1.51760367445D+03  -1.62211366586D+02  -3.09970890963D-01
  3.000   1.50190475554D+03  -1.51950434358D+02  -3.03515453556D-01
  3.100   1.48718051277D+03  -1.42681834526D+02  -2.97417618934D-01
  3.200   1.47333958617D+03  -1.34277456534D+02  -2.91642106779D-01
  3.300   1.46029958661D+03  -1.26635902215D+02  -2.86173112107D-01
  3.400   1.44799020896D+03  -1.19660350749D+02  -2.80972336711D-01
  3.500   1.43634780953D+03  -1.13275787299D+02  -2.76023156032D-01
  3.600   1.42531776148D+03  -1.07409991729D+02  -2.71291062719D-01
  3.700   1.41485035596D+03  -1.02007761788D+02  -2.66762288340D-01
  3.800   1.40490252771D+03  -9.70160191342D+01  -2.62410285011D-01
  3.900   1.39543489448D+03  -9.23920338133D+01  -2.58219808962D-01
  4.000   1.38641322552D+03  -8.80949417171D+01  -2.54166478206D-01
  4.200   1.36958445166D+03  -8.03761114181D+01  -2.46483280054D-01
  4.400   1.35419866287D+03  -7.36200781987D+01  -2.39202971437D-01
  4.600   1.34008262864D+03  -6.76711393312D+01  -2.32289587426D-01
  4.800   1.32708348445D+03  -6.24237583221D+01  -2.25783866243D-01
  5.000   1.31507273389D+03  -5.77823799498D+01  -2.19692715318D-01
  5.200   1.30393840911D+03  -5.36236522516D+01  -2.13846750552D-01
  5.400   1.29359871697D+03  -4.98333296954D+01  -2.08024309876D-01
  5.600   1.28398154797D+03  -4.63960040088D+01  -2.02353081210D-01
  5.800   1.27500982904D+03  -4.34158797841D+01  -1.97498165906D-01
  6.000   1.26657790893D+03  -4.09951373674D+01  -1.94201100832D-01
  6.500   1.24755587506D+03  -3.48223200103D+01  -1.81430815719D-01
  7.000   1.23155080107D+03  -2.98451811467D+01  -1.69636744050D-01
  7.500   1.21738786568D+03  -2.68040165111D+01  -1.65132353871D-01
  8.000   1.20474989903D+03  -2.37441863095D+01  -1.57670476361D-01
  8.500   1.19360221721D+03  -2.09346596479D+01  -1.49082001056D-01
  9.000   1.18372919164D+03  -1.86415606588D+01  -1.41733470049D-01
  9.500   1.17489204730D+03  -1.67613342038D+01  -1.35529621893D-01
 10.000   1.16691456887D+03  -1.52009071361D+01  -1.30265809869D-01
 10.500   1.15965124167D+03  -1.38806694622D+01  -1.25681777517D-01
 11.000   1.15300610065D+03  -1.27272520089D+01  -1.21421536294D-01
 11.500   1.14690146643D+03  -1.17088315893D+01  -1.17404648279D-01
 12.000   1.14127998480D+03  -1.07941319361D+01  -1.13495009952D-01
 12.500   1.13609190804D+03  -9.97189967138D+00  -1.09717132048D-01
 13.000   1.13129453814D+03  -9.23095966491D+00  -1.06075360216D-01
 13.500   1.12684859665D+03  -8.56410317622D+00  -1.02600645040D-01
 14.000   1.12271926196D+03  -7.96429096013D+00  -9.93125149088D-02
 14.500   1.11887425339D+03  -7.42481898278D+00  -9.62216039241D-02
 15.000   1.11528545283D+03  -6.93929119860D+00  -9.33297997521D-02
 15.500   1.11192700104D+03  -6.50159380281D+00  -9.06306833532D-02
 16.000   1.10877683953D+03  -6.10601505467D+00  -8.81117258149D-02
 16.500   1.10581481593D+03  -5.74752100974D+00  -8.57594737332D-02
 17.000   1.10302391674D+03  -5.42143886237D+00  -8.35561761281D-02
 17.500   1.10038862387D+03  -5.12391674386D+00  -8.14880680085D-02
 18.000   1.09789584346D+03  -4.85133479544D+00  -7.95376235714D-02
 18.500   1.09553360562D+03  -4.60086687577D+00  -7.76936798331D-02
 19.000   1.09329174577D+03  -4.36978455232D+00  -7.59412177175D-02
 19.500   1.09116092561D+03  -4.15606943245D+00  -7.42725953899D-02
 20.000   1.08913311714D+03  -3.95770997939D+00  -7.26763316091D-02
 21.000   1.08535786480D+03  -3.60100051007D+00  -6.96738036031D-02
 22.000   1.08191592289D+03  -3.28985317287D+00  -6.68968524001D-02
 23.000   1.07876581524D+03  -3.01570327273D+00  -6.42967864691D-02
 24.000   1.07587392349D+03  -2.77333474872D+00  -6.18660165619D-02
 25.000   1.07320998316D+03  -2.55843906346D+00  -5.95978211072D-02
 26.000   1.07074931461D+03  -2.36673715036D+00  -5.74692554737D-02
 27.000   1.06846969337D+03  -2.19549347692D+00  -5.54796493009D-02
 28.000   1.06635238764D+03  -2.04207037574D+00  -5.36201458198D-02
 29.000   1.06438032031D+03  -1.90437054806D+00  -5.18862899284D-02
 30.000   1.06253905823D+03  -1.78043536252D+00  -5.02692681854D-02
 31.000   1.06081540682D+03  -1.66866320944D+00  -4.87630167891D-02
 32.000   1.05919815673D+03  -1.56761663960D+00  -4.73601017416D-02
 33.000   1.05767699858D+03  -1.47609565282D+00  -4.60548509691D-02
 34.000   1.05624318470D+03  -1.39291707728D+00  -4.48373833920D-02
 35.000   1.05488864443D+03  -1.31727511980D+00  -4.37056834732D-02
 36.000   1.05360642065D+03  -1.24827553415D+00  -4.26515237084D-02
 37.000   1.05239013627D+03  -1.18514407737D+00  -4.16673715871D-02
 38.000   1.05123443630D+03  -1.12710129700D+00  -4.07424336636D-02
 39.000   1.05013424786D+03  -1.07411596460D+00  -3.98906356067D-02
 40.000   1.04908482090D+03  -1.02529097318D+00  -3.90927769712D-02
